9520
9340
8960
6770
6130
4270
3260
2680
2670
2520
1930
1830
1720
1700
1550
1510
1500
1400
1330
1260
1240
1130
1010
932
917
881
821
818
815
791
772
766
739
701
687
685
677
667
642
633
632
632
619
606
603
601
596
576
550
547
538
536
533
523
509
499
487
485
483
480
467
455
449
439
430
426
423
413
401
394
384
383
379
374
374
369
360
347
346
336
320
319
288
285
281
279
274
274
272
264
264
262
254
246
240
240
239
236
233
231
227
226
218
217
211
206
204
202
200
195
192
179
176
175
173
171
167
164
163
162
159
157
151
149
149
147
147
147
146
140
137
136
134
133
132
131
129
126
120
115
112
110
109
109
109
109
106
106
105
105
103
103
101
101
100
100
100
100
100
99
98
98
97
97
96
96
95
94
92
92
91
87
86
83
82
82
81
80
75
75
74
73.9
73
73
71
70
69
68
67
67
66
64
63
62
59
58
58
58
57
57
57
57
57
55
54
53
53
53
52
52
52
52
51
51
50
50
48
48
46
46
46
45
44
44
44
43
43
43
43
43
42
42
42
42
41
41
40
40
40
39
39
39
38
38
38
37
37
36
36
35
35
35
34
34
34
34
33
33
33
32
32
31
31
31
30
30
29.8
28.9
28.8
28.5
28.5
28.5
27.7
27.3
27.2
27
27
26.6
26.4
26.3
26.3
26
25.9
24.8
23.1
22.9
22.8
22.8
22.8
22.5
21.9
21.7
20.6
20.6
20
20
19.9
19.8
19.7
19.6
19.5
19.1
19
19
18.9
18.7
18.6
18.5
18.4
18.2
17.9
17.7
17.7
17.7
17.6
17.3
17.2
17.1
16.8
16.6
16.5
16.5
16.4
16.2
16.2
16
15.9
15.9
15.6
15.4
15
14.8
14.7
14.6
14.6
14.6
14.5
14.5
14.4
14.4
14.3
14
14
13.9
13.9
13.8
13.6
13.6
13.5
13.4
13.4
13.3
13
12.8
12.8
12.4
12.4
12.3
12.2
12.1
12.1
12
12
11.9
11.8
11.7
11.5
11.2
11.2
11.1
11
10.9
10.9
10.8
10.7
10.5
10.2
10.1
10.1
10.1
10
9.9
9.8
9.8
9.6
9.6
9.5
9.5
9.3
9.2
9.1
9
9
8.9
8.9
8.9
8.7
8.7
8.6
8.5
8.5
8.4
8.4
8
8
8
8
8
8
8
7
7
7
7
7
7
7
7
7
7
7
7
6
6
6
6
6
6
6
6
6
6
6
6
6
6
6
6
6
6
6
6
6
6
6
6
6
6
6
6
6
6
6
6
6
6
6
6
6
6
6
6
6
6
6
6
6
6
6
6
6
6
6
6
6
6
6
6
5.5
5.5
5.5
5.5
5.5
5.5
5.5
5.5
5.5
5.5
5.5
5.5
5.5
5.5
5.5
5.5
5.5
5.5
5.5
5.5
5.5
5.5
5.5
5.5
5.5
5.5
5.5
5.5
5.5
5.5
5.5
5.5
5.5
5.5
5.5
5.5
5.5
5.5
5.5
5.5
5.5
5.5
5.5
5
5
5
5
5
5
5
5
5
5
5
5
5
5
5
5
5
5
5
5
5
5
5
5
5
5
5
5
5
5
5
5
5
5
5
5
5
5
5
5
5
5
5
5
5
5
5
5
5
5
5
5
5
5
5
5
5
5
5
5
5
5
5
5
5
5
5
5
5
5
5
5
5
5
5
5
5
5
5
5
5
5
5
5
5
5
5
5
5
5
5
5
5
5
5
5
5
5
5
5
5
5
5
5
5
5
5
5
5
5
5
5
5
5
5
5
5
5
5
5
5
5
5
5
5
5
5
5
5
5
5
5
5
5
5
5
5
5
5
5
5
5
5
5
5
5
5
5
5
5
5
5
5
5
5
5
5
5
5
5
5
5
5
5
5
5
5
5
5
5
5
5
5
5
5
5
5
5
5
5
5
5
5
5
5
5
5
5
5
5
5
5
5
5
5
5
5
5
5
5
5
5
5
5
5
5
5
5
5
5
5
5
5
5
5
5
5
5
5
5
5
5
5
5
5
5
5
5
5
5
5
5
5
5
5
5
5
5
5
5
5
5
5
5
5
5
5
5
5
5
5
5
5
5
5
5
5
5
5
5
5
5
5
5
5
5
5
5
5
5
5
5
5
5
5
5
5
5
5
5
5
5
5
5
5
5
5
5
5
5
5
5
5
5
5
5
5
5
5
5
5
5
5
5
5
5
5
5
5
5
5
5
5
5
5
5
5
5
5
5
5
5
5
5
5
5
5
5
5
5
5
5
5
5
5
5
5
5
5
5
5
5
5
5
5
5
5
5
5
5
5
5
5
5
5
5
5
5
5
5
5
5
5
5
5
5
5
5
5
5
5
5
5
5
5
5
5
5
5
5
5
5
5
5
5
5
5
5
5
5
5
5
5
5
5
5
5
5
5
5
5
5
5
5
5
5
5
5
5
5
5
5
5
5
5
5
5
5
5
5
5
5
5
5
5
5
5
5
5
5
5
5
5
5
5
5
5
5
5
5
5
5
5
5
5
5
5
5
5
5
5
5
5
5
5
5
5
5
5
5
5
5
5
5
5
5
5
5
5
5
5
5
5
5
5
5
5
5
5
5
5
5
5
5
5
5
5
5
5
5
5
5
5
5
5
5
5
5
5
5
5
5
5
5
5
5
5
5
5
5
5
5
5
5
5
5
5
5
5
5
5
5
5
5
5
5
5
5
5
5
5
5
5
5
5
5
5
5
5
5
5
5
5
5
5
5
5
5
5
5
5
5
5
